2136770
3754379
3991578
3653190
3709137
3744813
3773919
3799759
3266031
3600236
3741151
3766164
3826623
3989296
3724221
3843733
54054410
3381260
3647023
3761750
3770142
3837804
54137508
3544935
3567573
3685269
2628250
3678630
3743896
3382711
3448993
3661496
3749345
3837923
54049855
2173561
3274691
3595776
3607412
3771018
3555171
3740926
3757412
3757692
3805270
3843155
3989266
3025766
3666430
3767609
3802409
3986773
2001620
3401388
3686083
3824114
2620082
3645042
3646734
3727045
3414400
3448109
3467149
3468430
3723817
3879543